2 33614 3 39470 1 37078 1
1 39196 3 48907 1 34839 1
0 14299 2 39698 1 19017 2
0 23235 0 18988 3 48473 3
2 37299 2 44477 1 35559 2
2 33614 3 39470 1 37078 1
2 39196 3 48907 1 34839 1
2 14299 2 39698 1 19017 2
2 23235 0 18988 3 48473 3
1 37299 2 44477 1 35559 2
1 33614 3 39470 1 37078 1
2 39196 3 48907 1 34839 1
1 14299 2 39698 1 19017 2
2 23235 0 18988 3 48473 3
1 37299 2 44477 1 35559 2
0 33614 3 39470 1 37078 1
0 39196 3 48907 1 34839 1
2 14299 2 39698 1 19017 2
1 23235 0 18988 3 48473 3
-1 0 0 0 0 0 0
